A
0110
1001
1111
1001

B
1000
1111
1001
1111

C
0111
1000
1000
0111

D
1110
1001
1001
1110

E
0110
1001
1111
1110

F
1111
1000
1110
1000

G
0111
1000
1011
0111

H
1001
1001
1111
1001

I
1111
0010
0010
1111

J
0011
0001
0001
1110

K
1001
1010
1100
1010

L
1000
1000
1000
1111

M
1001
1111
1010
1001

N
1001
1101
1011
1001

O
0110
1001
1001
0110

P
1110
1001
1110
1000

Q
0110
1001
1011
0111

R
1110
1001
1110
1010

S
0111
1000
0110
1001

T
1111
0010
0010
0010

U
1001
1001
1001
0110

V
1001
1001
1010
0100

W
1001
1010
1111
1001

X
1001
0110
0110
1001

Y
1001
0110
0010
0010

Z
1111
0010
0100
1111

0
0110
1001
1001
0110

1
0010
0110
0010
1111

2
0110
1001
0100
1111

3
0110
0010
1001
0110

4
1001
1001
1111
0001

5
1111
1000
0110
1001

6
0110
1000
1110
1001

7
1111
0010
0100
0100

8
0110
1001
0110
1001

9
0110
1001
1110
0001